[[224 127  67]
 [166  73  74]
 [ 17 188  10]
 [ 56 202 131]
 [250 231  34]
 [189 133  18]
 [ 86  98   6]
 [180  17  43]
 [222 109 153]
 [231  87 197]
 [141 161  87]
 [137 175 215]
 [179 131 218]
 [215  92  49]
 [194  16  78]
 [197 187  38]
 [ 90 155 219]
 [165 188 184]
 [236  87 153]
 [248 103 240]
 [  9 176 237]
 [ 86  16 221]
 [223 123 133]
 [240  95 244]
 [ 23 253 235]
 [  7 249  31]
 [101 175  28]
 [161   3 130]
 [247 196 215]
 [  4 141 116]
 [236  27  76]
 [ 10 238 164]
 [ 97 141 107]
 [ 29 207  18]
 [ 23 166 117]
 [ 21   3 127]
 [236  92 245]
 [100 161 132]
 [ 98  37  35]
 [143 221  42]
 [ 25 212 163]
 [ 75 153 149]
 [240 195 185]
 [235 145  86]
 [244  47  22]
 [104 167 232]
 [215  85   7]
 [180 219  52]
 [  9 255 167]
 [213   2  56]
 [ 98 247   7]
 [199  13 220]
 [ 26 120 240]
 [180  27  11]
 [147 152  49]
 [113  18 125]
 [160  62 117]
 [187 131  70]
 [ 29  18  55]
 [ 12 122 202]
 [214 153 110]
 [101 219 234]
 [215 154  75]
 [196 137  53]
 [148  24  43]
 [245   8 160]
 [210  13  93]
 [234  60  17]
 [111 255 131]
 [ 95 176 158]
 [242  33 158]
 [230 112 215]
 [  3 122  87]
 [196 232 174]
 [ 90 224  24]
 [243  10  70]
 [236 126  56]
 [151 195 142]
 [160 236 194]
 [ 87 246 167]
 [247  37 182]
 [141 207 167]
 [ 31  14  63]
 [ 62   8  19]
 [ 62 223  46]
 [  4  61 164]
 [164 156 129]
 [ 87 164  47]
 [ 47 234 239]
 [ 30 240 146]
 [246  72 158]
 [ 42  76  24]
 [177  63 229]
 [106 140  12]
 [ 63  93 218]
 [255 225 111]
 [116  47 121]
 [ 19  63 166]
 [114 225  45]
 [173 154  67]
 [245 118  36]
 [  5 249   5]
 [182 116  32]
 [186 119 254]
 [  0  44 123]
 [145 200 182]
 [ 62 182  62]
 [ 16 213   8]
 [ 86 166 168]
 [109 146 159]
 [127 132 101]
 [176 117 101]
 [ 46 197  89]
 [128 123  54]
 [156 131  73]
 [ 90 193 146]
 [110 133 133]
 [129 158 140]
 [  8  38 161]
 [ 51 158  59]
 [103  57 181]
 [220  12 141]
 [113 126 116]
 [137  47  79]
 [233 146 163]
 [ 12  11 162]
 [188  27  78]
 [164 125  90]
 [ 27 213 153]
 [199  98 173]
 [110  24 229]
 [  0  58 218]
 [186   0 119]
 [ 49 241 186]
 [111 187 136]
 [248  34  56]
 [130  94 185]
 [180 226  12]
 [189 240  29]
 [ 84 113 174]
 [194 168  50]
 [178  15 222]
 [ 79  13 227]
 [248  92 166]
 [ 72   1  53]
 [108 165  35]
 [ 59 201  62]
 [197 125 129]
 [ 89 222 130]
 [ 85 129  25]
 [195 244  67]
 [235 113 212]
 [255  49   5]
 [238  34  67]
 [112 217 189]
 [118 124 133]
 [223 184  66]
 [ 13 108  11]
 [157 255  90]
 [170 242 169]
 [ 23 113  24]
 [177 206  28]
 [195 101 140]
 [ 11  59 209]
 [ 28 116  40]
 [138 109  87]
 [153 196 254]
 [224  13 137]
 [ 28 115 193]
 [165 137 214]
 [223  16 164]
 [ 85  71 178]
 [113  41 189]
 [255 167 101]
 [159 102 115]
 [250  51 138]
 [  1  30  13]
 [211  64 166]
 [ 56  33 229]
 [ 54  71  42]
 [  5 178 243]
 [236 196  55]
 [103 250 211]
 [ 55  39  34]
 [ 36 211 141]
 [ 91 231 101]
 [223 118 151]
 [220  31  97]
 [187  32 239]
 [149  32  11]
 [231  32  83]
 [196 160 193]
 [155 153  28]
 [204 145  74]
 [ 88  35  86]
 [ 90 239 126]
 [  0 216 139]
 [143  47 111]
 [ 84  98 160]
 [159 229 244]
 [177 203  31]
 [250  36 171]
 [ 99 206  61]
 [198  36  35]
 [ 79  83   8]
 [199 192 120]
 [ 68 219 222]
 [108 215 201]
 [  1  48   3]
 [135 167 197]
 [ 35 133 131]
 [  2 144 181]
 [238  65 251]
 [ 95   2  68]
 [  1   3  27]
 [173 175 220]
 [ 85  17   8]
 [205  44 224]
 [216 199 197]
 [170  19 171]
 [111 158 209]
 [ 34 232 219]
 [ 43  34 217]
 [233 199 192]
 [180 177  38]
 [102 107   4]
 [236  99 255]
 [  1 111  68]
 [  9  45  33]
 [239 214  34]
 [232 216 138]
 [130 130 146]
 [232   6 180]
 [ 30  91  56]
 [197  72  56]
 [ 67 109 117]
 [ 34 103 252]
 [ 22  81 166]
 [ 58 229 152]
 [ 39 114 163]
 [138 108 145]
 [ 53 248  13]
 [ 80 252  72]
 [153  82 232]
 [  3 101 143]
 [249 192 224]
 [157 115 136]
 [115  92 130]
 [229 175  74]
 [229 218 179]
 [ 92 217  55]
 [151 137  40]
 [145 250  83]
 [197 211   2]
 [240 139 236]
 [ 25 100 111]]

